21.751665
28.774033
40.782494
160.76556
69.012924
69.01587
69.01682
69.01599
69.01599
69.012436
69.012436
69.012436
69.01521
69.01933
69.01933
69.01599
69.012436
69.012436
69.012436
69.01599
69.01933
69.01521
69.012436
69.012436
69.012436
69.01599
69.018684
69.01599
69.012436
69.012436
69.012436
69.01599
69.01933
69.01933
69.012436
69.011505
69.012436
69.012436
69.01933
69.01933
69.013405
69.012436
69.012436
69.012436
69.01768
69.01933
69.01599
69.012436
69.012436
69.011505
69.01599
69.01933
69.01599
69.012436
69.012436
69.012436
69.01599
69.01933
69.018684
69.012436
69.012436
69.012436
69.012436
69.02035
69.016
69.012436
69.012436
69.01056
69.01599
69.01933
69.01933
69.01599
69.011505
69.012436
69.012436
69.01599
69.01933
69.012436
69.012436
69.012436
69.012436
69.018684
69.01933
69.01599
69.012436
69.012436
69.011505
69.01599
69.01933
69.01933
69.03391
57.006218
57.011086
57.00451
57.010735
57.004173
57.00023
57.00023
57.00023
57.00713
57.010735
57.004173
57.004173
56.996292
56.996292
57.00713
57.00713
57.00713
57.00023
56.996292
56.996292
57.004173
57.010735
57.010735
57.00023
57.00023
57.00023
57.00023
57.010735
57.010735
57.004173
56.996284
56.996292
57.000427
57.00713
57.00713
57.00713
56.99628
56.996292
57.004173
57.004173
57.010735
57.010735
57.00023
57.00023
57.00023
57.00023
57.010735
57.004173
57.004173
56.996292
56.996292
57.00713
57.00713
57.00713
57.007126
56.996292
56.996292
57.004173
57.004173
57.010735
57.00023
57.00023
57.00023
57.00023
57.010735
57.010735
57.004173
57.004173
56.996292
57.00023
57.007126
57.00713
57.00713
56.996292
56.996292
56.996292
57.004173
57.010735
57.010735
57.00023
57.00023
57.00023
